fpgamapping/synthetic_dem_hills.asc
ncols         101
nrows         101
xllcorner     500000.000000
yllcorner     5400000.000000
cellsize      10.000000
NODATA_value  -9999
[rows 52 to 77 of 101, columns 0 to 57 of 101]
85.265691 84.085175 83.039777 82.132661 81.365808 80.740029 80.254976 79.909174 79.700053 79.623994 79.676383 79.851672 80.143452 80.544521 81.046976 81.642293 82.321422 83.074881 83.892854 84.765291 85.682009 86.632788 87.607475 88.596078 89.588862 90.576436 91.549840 92.500629 93.420941 94.303568 95.142017 95.930560 96.664280 97.339103 97.951831 98.500152 98.982653 99.398818 99.749016 100.034485 100.257298 100.420335 100.527230 100.582324 100.590602 100.557630 100.489483 100.392666 100.274035 100.140713 100.000000 99.859287 99.725965 99.607334 99.510517 99.442370 99.409398 99.417676
85.595595 84.425955 83.388472 82.486295 81.721425 81.094712 80.605877 80.253536 80.035231 79.947479 79.985824 80.144892 80.418465 80.799550 81.280463 81.852913 82.508089 83.236756 84.029349 84.876072 85.766992 86.692141 87.641610 88.605644 89.574735 90.539708 91.491806 92.422771 93.324912 94.191172 95.015190 95.791349 96.514821 97.181600 97.788530 98.333322 98.814558 99.231696 99.585058 99.875808 100.105929 100.278187 100.396084 100.463810 100.486185 100.468594 100.416917 100.337455 100.236852 100.122008 100.000000 99.877992 99.763148 99.662545 99.583083 99.531406 99.513815 99.536190
86.053353 84.898892 83.872473 82.977235 82.215199 81.587273 81.093271 80.731934 80.500962 80.397060 80.415988 80.552616 80.800990 81.154407 81.605487 82.146259 82.768247 83.462557 84.219973 85.031050 85.886204 86.775815 87.690311 88.620267 89.556490 90.490106 91.412639 92.316089 93.193002 94.036533 94.840503 95.599450 96.308669 96.964248 97.563091 98.102936 98.582365 99.000797 99.358488 99.656503 99.896697 100.081678 100.214767 100.299945 100.341802 100.345472 100.316567 100.261103 100.185428 100.096139 100.000000 99.903861 99.814572 99.738897 99.683433 99.654528 99.658198 99.700055
86.634902 85.499870 84.487655 83.601377 82.843084 82.213758 81.713330 81.340698 81.093764 80.969471 80.963853 81.072087 81.288558 81.606927 82.020203 82.520820 83.100727 83.751464 84.464258 85.230106 86.039872 86.884374 87.754471 88.641156 89.535638 90.429421 91.314388 92.182870 93.027711 93.842334 94.620793 95.357823 96.048877 96.690159 97.278653 97.812134 98.289176 98.709156 99.072242 99.379377 99.632251 99.833277 99.985540 100.092759 100.159232 100.189775 100.189658 100.164539 100.120390 100.063420 100.000000 99.936580 99.879610 99.835461 99.810342 99.810225 99.840768 99.907241
87.335081 86.223666 85.228774 84.353504 83.599936 82.969140 82.461184 82.075159 81.809207 81.660556 81.625569 81.699795 81.878024 82.154354 82.522261 82.974671 83.504038 84.102428 84.761597 85.473080 86.228275 87.018529 87.835219 88.669842 89.514087 90.359920 91.199652 92.026010 92.832201 93.611971 94.359654 95.070220 95.739314 96.363283 96.939203 97.464893 97.938925 98.360621 98.730045 99.047991 99.315956 99.536113 99.711269 99.844827 99.940732 100.003418 100.037747 100.048945 100.042531 100.024251 100.000000 99.975749 99.957469 99.951055 99.962253 99.996582 100.059268 100.155173
88.147675 87.063985 86.089514 85.227333 84.479560 83.847362 83.330970 82.929693 82.641952 82.465305 82.396498 82.431506 82.565591 82.793357 83.108822 83.505479 83.976371 84.514171 85.111250 85.759766 86.451737 87.179121 87.933900 88.708151 89.494125 90.284318 91.071542 91.848984 92.610270 93.349521 94.061398 94.741144 95.384626 95.988357 96.549522 97.065994 97.536338 97.959814 98.336370 98.666625 98.951853 99.193949 99.395400 99.559241 99.689012 99.788704 99.862705 99.915740 99.952806 99.979111 100.000000 100.020889 100.047194 100.084260 100.137295 100.211296 100.310988 100.440759
89.065471 88.013523 87.062544 86.215570 85.474759 84.841390 84.315871 83.897762 83.585792 83.377894 83.271242 83.262294 83.346840 83.520059 83.776575 84.110523 84.515611 84.985194 85.512340 86.089907 86.710612 87.367107 88.052052 88.758182 89.478382 90.205746 90.933650 91.655802 92.366304 93.059697 93.731012 94.375804 94.990188 95.570866 96.115149 96.620967 97.086883 97.512087 97.896394 98.240231 98.544617 98.811140 99.041921 99.239585 99.407214 99.548299 99.666697 99.766567 99.852319 99.928555 100.000000 100.071445 100.147681 100.233433 100.333303 100.451701 100.592786 100.760415
90.080322 89.064030 88.139580 87.309970 86.577400 85.943269 85.408182 84.971970 84.633704 84.391729 84.243690 84.186576 84.216762 84.330058 84.521759 84.786708 85.119345 85.513781 85.963850 86.463186 87.005278 87.583543 88.191390 88.822283 89.469804 90.127713 90.790007 91.450970 92.105229 92.747794 93.374103 93.980055 94.562043 95.116979 95.642311 96.136037 96.596716 97.023463 97.415948 97.774386 98.099518 98.392590 98.655325 98.889894 99.098872 99.285206 99.452161 99.603276 99.742315 99.873208 100.000000 100.126792 100.257685 100.396724 100.547839 100.714794 100.901128 101.110106
91.183221 90.206378 89.311456 88.501410 87.778480 87.144193 86.599367 86.144124 85.777907 85.499500 85.307062 85.198158 85.169793 85.218463 85.340190 85.530582 85.784877 86.098002 86.464626 86.879221 87.336117 87.829560 88.353774 88.903012 89.471615 90.054064 90.645033 91.239433 91.832461 92.419635 92.996837 93.560343 94.106847 94.633488 95.137868 95.618060 96.072617 96.500577 96.901455 97.275235 97.622359 97.943704 98.240562 98.514612 98.767886 99.002734 99.221786 99.427910 99.624165 99.813760 100.000000 100.186240 100.375835 100.572090 100.778214 100.997266 101.232114 101.485388
92.364379 91.430647 90.568208 89.779965 89.068202 88.434578 87.880135 87.405304 87.009920 86.693240 86.453968 86.290280 86.199858 86.179926 86.227285 86.338360 86.509238 86.735723 87.013373 87.337557 87.703504 88.106348 88.541182 89.003105 89.487272 89.988935 90.503491 91.026524 91.553839 92.081504 92.605875 93.123629 93.631788 94.127735 94.609237 95.074448 95.521921 95.950610 96.359864 96.749428 97.119421 97.470331 97.802991 98.118554 98.418474 98.704466 98.978483 99.242675 99.499354 99.750957 100.000000 100.249043 100.500646 100.757325 101.021517 101.295534 101.581526 101.881446
93.613311 92.726209 91.899157 91.135001 90.436064 89.804144 89.240515 88.745930 88.320638 87.964388 87.676458 87.455669 87.300413 87.208681 87.178095 87.205942 87.289205 87.424609 87.608654 87.837655 88.107788 88.415125 88.755679 89.125442 89.520426 89.936699 90.370425 90.817897 91.275567 91.740079 92.208295 92.677319 93.144518 93.607536 94.064315 94.513098 94.952440 95.381208 95.798582 96.204050 96.597400 96.978708 97.348323 97.706852 98.055134 98.394222 98.725355 99.049928 99.369466 99.685594 100.000000 100.314406 100.630534 100.950072 101.274645 101.605778 101.944866 102.293148
94.918931 94.081820 93.293001 92.555255 91.870943 91.242001 90.669940 90.155848 89.700399 89.303855 88.966089 88.686591 88.464491 88.298582 88.187337 88.128941 88.121312 88.162136 88.248892 88.378885 88.549277 88.757120 88.999386 89.272999 89.574869 89.901916 90.251105 90.619468 91.004137 91.402358 91.811524 92.229184 92.653068 93.081098 93.511398 93.942308 94.372385 94.800413 95.225394 95.646555 96.063337 96.475392 96.882569 97.284903 97.682601 98.076023 98.465667 98.852146 99.236167 99.618509 100.000000 100.381491 100.763833 101.147854 101.534333 101.923977 102.317399 102.715097
96.269652 95.485723 94.737918 94.028943 93.361192 92.736738 92.157334 91.624408 91.139066 90.702099 90.313988 89.974911 89.684760 89.443148 89.249428 89.102708 89.001872 88.945595 88.932367 88.960514 89.028216 89.133537 89.274440 89.448813 89.654490 89.889275 90.150959 90.437344 90.746260 91.075582 91.423247 91.787273 92.165764 92.556930 92.959090 93.370685 93.790280 94.216571 94.648385 95.084681 95.524547 95.967198 96.411972 96.858318 97.305792 97.754046 98.202815 98.651907 99.101189 99.550573 100.000000 100.449427 100.898811 101.348093 101.797185 102.245954 102.694208 103.141682
97.653483 96.925750 96.221666 95.543855 94.894739 94.276525 93.691207 93.140552 92.626109 92.149199 91.710922 91.312157 90.953568 90.635606 90.358519 90.122359 89.926991 89.772103 89.657217 89.581699 89.544774 89.545536 89.582964 89.655930 89.763218 89.903533 90.075515 90.277751 90.508789 90.767149 91.051330 91.359827 91.691134 92.043756 92.416217 92.807062 93.214870 93.638253 94.075858 94.526377 94.988542 95.461127 95.942947 96.432861 96.929763 97.432584 97.940286 98.451858 98.966313 99.482680 100.000000 100.517320 101.033687 101.548142 102.059714 102.567416 103.070237 103.567139
99.058142 98.389425 97.731687 97.087461 96.459189 95.849207 95.259743 94.692907 94.150685 93.634931 93.147368 92.689578 92.263003 91.868939 91.508537 91.182801 90.892590 90.638612 90.421434 90.241477 90.099019 89.994201 89.927027 89.897370 89.904973 89.949458 90.030325 90.146959 90.298640 90.484538 90.703729 90.955192 91.237819 91.550421 91.891729 92.260402 92.655035 93.074157 93.516245 93.979720 94.462957 94.964291 95.482015 96.014392 96.559653 97.116003 97.681627 98.254691 98.833348 99.415740 100.000000 100.584260 101.166652 101.745309 102.318373 102.883997 103.440347 103.985608
100.471161 99.864079 99.255221 98.647021 98.041929 97.442406 96.850908 96.269876 95.701730 95.148854 94.613588 94.098214 93.604949 93.135934 92.693221 92.278768 91.894423 91.541921 91.222873 90.938755 90.690904 90.480509 90.308606 90.176070 90.083610 90.031765 90.020903 90.051214 90.122708 90.235220 90.388399 90.581721 90.814479 91.085792 91.394607 91.739701 92.119689 92.533027 92.978019 93.452825 93.955468 94.483846 95.035736 95.608807 96.200632 96.808696 97.430409 98.063117 98.704118 99.350669 100.000000 100.649331 101.295882 101.936883 102.569591 103.191304 103.799368 104.391193
101.879999 101.336957 100.779413 100.209689 99.630238 99.043630 98.452539 97.859730 97.268045 96.680386 96.099700 95.528958 94.971145 94.429232 93.906165 93.404843 92.928099 92.478683 92.059241 91.672300 91.320245 91.005310 90.729552 90.494846 90.302862 90.155054 90.052654 89.996652 89.987793 90.026570 90.113212 90.247686 90.429693 90.658664 90.933764 91.253894 91.617693 92.023551 92.469607 92.953768 93.473713 94.026913 94.610638 95.221976 95.857850 96.515038 97.190186 97.879835 98.580438 99.288378 100.000000 100.711622 101.419562 102.120165 102.809814 103.484962 104.142150 104.778024
103.272149 102.795332 102.291425 101.762630 101.211390 100.640371 100.052453 99.450708 98.838387 98.218891 97.595757 96.972631 96.353241 95.741376 95.140853 94.555496 93.989103 93.445419 92.928110 92.440732 91.986705 91.569288 91.191549 90.856344 90.566291 90.323750 90.130803 89.989234 89.900513 89.865786 89.885857 89.961184 90.091872 90.277666 90.517951 90.811757 91.157755 91.554273 91.999299 92.490496 93.025212 93.600505 94.213153 94.859681 95.536381 96.239341 96.964465 97.707506 98.464096 99.229769 100.000000 100.770231 101.535904 102.292494 103.035535 103.760659 104.463619 105.140319
104.635255 104.226617 103.778550 103.293126 102.772763 102.220212 101.638540 101.031109 100.401554 99.753757 99.091822 98.420040 97.742862 97.064863 96.390707 95.725114 95.072817 94.438530 93.826910 93.242516 92.689775 92.172945 91.696080 91.262994 90.877233 90.542040 90.260330 90.034665 89.867226 89.759800 89.713758 89.730042 89.809157 89.951159 90.155658 90.421813 90.748336 91.133504 91.575162 92.070744 92.617287 93.211452 93.849548 94.527559 95.241171 95.985808 96.756661 97.548725 98.356838 99.175717 100.000000 100.824283 101.643162 102.451275 103.243339 104.014192 104.758829 105.472441
105.957218 105.618473 105.228317 104.788682 104.301948 103.770932 103.198869 102.589386 101.946480 101.274485 100.578040 99.862053 99.131661 98.392193 97.649123 96.908027 96.174541 95.454307 94.752936 94.075953 93.428756 92.816567 92.244390 91.716969 91.238743 90.813813 90.445901 90.138323 89.893952 89.715199 89.603986 89.561731 89.589329 89.687149 89.855021 90.092238 90.397562 90.769225 91.204949 91.701954 92.256984 92.866330 93.525858 94.231039 94.976986 95.758491 96.570068 97.405992 98.260346 99.127069 100.000000 100.872931 101.739654 102.594008 103.429932 104.241509 105.023014 105.768961
107.226305 106.958919 106.628605 106.237140 105.786852 105.280605 104.721778 104.114240 103.462317 102.770763 102.044716 101.289662 100.511384 99.715922 98.909513 98.098550 97.289518 96.488946 95.703350 94.939176 94.202745 93.500200 92.837455 92.220139 91.653549 91.142604 90.691805 90.305188 89.986295 89.738137 89.563171 89.463273 89.439723 89.493191 89.623729 89.830769 90.113127 90.469006 90.896017 91.391189 91.950997 92.571390 93.247821 93.975285 94.748359 95.561246 96.407823 97.281690 98.176223 99.084629 100.000000 100.915371 101.823777 102.718310 103.592177 104.438754 105.251641 106.024715
108.431251 108.236438 107.967742 107.626775 107.215796 106.737697 106.195976 105.594709 104.938522 104.232548 103.482384 102.694048 101.873922 101.028704 100.165348 99.291004 98.412956 97.538561 96.675186 95.830142 95.010620 94.223633 93.475949 92.774035 92.124000 91.531541 91.001891 90.539777 90.149374 89.834268 89.597424 89.441163 89.367134 89.376303 89.468939 89.644618 89.902214 90.239918 90.655246 91.145060 91.705594 92.332487 93.020817 93.765141 94.559545 95.397690 96.272867 97.178054 98.105973 99.049154 100.000000 100.950846 101.894027 102.821946 103.727133 104.602310 105.440455 106.234859
109.561360 109.440073 109.234607 108.946398 108.577620 108.131167 107.610628 107.020258 106.364940 105.650144 104.881879 104.066644 103.211368 102.323349 101.410195 100.479754 99.540047 98.599195 97.665353 96.746631 95.851031 94.986369 94.160213 93.379811 92.652028 91.983287 91.379513 90.846077 90.387750 90.008661 89.712260 89.501286 89.377743 89.342883 89.397192 89.540384 89.771409 90.088454 90.488962 90.969652 91.526551 92.155021 92.849808 93.605077 94.414473 95.271167 96.167921 97.097150 98.050985 99.021344 100.000000 100.978656 101.949015 102.902850 103.832079 104.728833 105.585527 106.394923
110.606602 110.559529 110.418730 110.185453 109.861769 109.450551 108.955450 108.380860 107.731880 107.014272 106.234404 105.399200 104.516071 103.592858 102.637755 101.659238 100.665994 99.666839 98.670640 97.686242 96.722380 95.787611 94.890231 94.038205 93.239098 92.500000 91.827473 91.227486 90.705364 90.265742 89.912522 89.648840 89.477035 89.398632 89.414328 89.523983 89.726624 90.020452 90.402860 90.870452 91.419079 92.043871 92.739281 93.499139 94.316699 95.184704 96.095449 97.040852 98.012521 99.001831 100.000000 100.998169 101.987479 102.959148 103.904551 104.815296 105.683301 106.500861
111.557699 111.585258 111.510375 111.334100 111.058384 110.686052 110.220782 109.667072 109.030191 108.316140 107.531592 106.683831 105.780690 104.830477 103.841901 102.823994 101.786030 100.737439 99.687727 98.646389 97.622821 96.626241 95.665603 94.749518 93.886178 93.083283 92.347972 91.686760 91.105478 90.609225 90.202322 89.888271 89.669728 89.548479 89.525424 89.600568 89.773026 90.041030 90.401943 90.852287 91.387772 92.003339 92.693202 93.450903 94.269370 95.140981 96.057635 97.010820 97.991698 98.991177 100.000000 101.008823 102.008302 102.989180 103.942365 104.859019 105.730630 106.549097
112.406209 112.508544 112.500629 112.383306 112.158383 111.828615 111.397673 110.870114 110.251332 109.547511 108.765567 107.913082 106.998237 106.029733 105.016717 103.968693 102.895439 101.806919 100.713188 99.624307 98.550250 97.500814 96.485528 95.513575 94.593703 93.734150 92.942570 92.225965 91.590621 91.042058 90.584974 90.223211 89.959716 89.796520 89.734719 89.774467 89.914974 90.154517 90.490457 90.919263 91.436547 92.037104 92.714961 93.463433 94.275186 95.142301 96.056352 97.008480 97.989477 98.989867 100.000000 101.010133 102.010523 102.991520 103.943648 104.857699 105.724814 106.536567
