fpgamapping/synthetic_dem_hills.asc
ncols         101
nrows         101
xllcorner     500000.000000
yllcorner     5400000.000000
cellsize      10.000000
NODATA_value  -9999
[rows 0 to 25 of 101, columns 0 to 57 of 101]
100.000000 101.255810 102.506665 103.747626 104.973798 106.180340 107.362491 108.515586 109.635073 110.716536 111.755705 112.748480 113.690942 114.579373 115.410265 116.180340 116.886559 117.526134 118.096541 118.595530 119.021130 119.371663 119.645745 119.842294 119.960535 120.000000 119.960535 119.842294 119.645745 119.371663 119.021130 118.595530 118.096541 117.526134 116.886559 116.180340 115.410265 114.579373 113.690942 112.748480 111.755705 110.716536 109.635073 108.515586 107.362491 106.180340 104.973798 103.747626 102.506665 101.255810 100.000000 98.744190 97.493335 96.252374 95.026202 93.819660 92.637509 91.484414
101.411625 102.658692 103.888339 105.095805 106.276479 107.425911 108.539837 109.614185 110.645091 111.628913 112.562240 113.441899 114.264967 115.028774 115.730913 116.369238 116.941873 117.447210 117.883908 118.250899 118.547380 118.772814 118.926923 119.009689 119.021344 118.962365 118.833471 118.635612 118.369962 118.037913 117.641062 117.181207 116.660338 116.080622 115.444398 114.754166 114.012580 113.222433 112.386650 111.508279 110.590479 109.636514 108.649737 107.633588 106.591577 105.527280 104.444329 103.346400 102.237206 101.120487 100.000000 98.879513 97.762794 96.653600 95.555671 94.472720 93.408423 92.366412
102.810720 104.044154 105.247833 106.417192 107.547919 108.635976 109.677605 110.669342 111.608025 112.490795 113.315107 114.078727 114.779731 115.416507 115.987748 116.492447 116.929890 117.299648 117.601568 117.835759 118.002583 118.102640 118.136758 118.105973 118.011520 117.854815 117.637443 117.361140 117.027780 116.639361 116.197990 115.705870 115.165288 114.578602 113.948230 113.276638 112.566335 111.819858 111.039770 110.228650 109.389088 108.523681 107.635028 106.725728 105.798377 104.855566 103.899883 102.933909 101.960223 100.981396 100.000000 99.018604 98.039777 97.066091 96.100117 95.144434 94.201623 93.274272
104.184867 105.399861 106.573006 107.699946 108.776689 109.799613 110.765481 111.671445 112.515046 113.294219 114.007282 114.652940 115.230267 115.738705 116.178041 116.548399 116.850221 117.084248 117.251499 117.353251 117.391019 117.366527 117.281690 117.138588 116.939444 116.686597 116.382483 116.029611 115.630538 115.187857 114.704169 114.182070 113.624134 113.032896 112.410842 111.760398 111.083915 110.383671 109.661857 108.920579 108.161851 107.387602 106.599672 105.799817 104.989717 104.170979 103.345146 102.513705 101.678099 100.839736 100.000000 99.160264 98.321901 97.486295 96.654854 95.829021 95.010283 94.200183
105.521868 106.713719 107.851974 108.932503 109.951640 110.906194 111.793452 112.611185 113.357639 114.031533 114.632051 115.158823 115.611913 115.991801 116.299356 116.535815 116.702757 116.802072 116.835931 116.806759 116.717195 116.570068 116.368357 116.115161 115.813666 115.467113 115.078765 114.651882 114.189688 113.695347 113.171938 112.622433 112.049678 111.456374 110.845064 110.218120 109.577734 108.925915 108.264480 107.595059 106.919093 106.237842 105.552391 104.863661 104.172420 103.479297 102.784801 102.089336 101.393218 100.696703 100.000000 99.303297 98.606782 97.910664 97.215199 96.520703 95.827580 95.136339
106.809857 107.973982 109.073216 110.103668 111.062008 111.945480 112.751898 113.479646 114.127672 114.695471 115.183074 115.591024 115.920356 116.172564 116.349576 116.453714 116.487666 116.454441 116.357332 116.199875 115.985808 115.719026 115.403540 115.043435 114.642830 114.205834 113.736511 113.238842 112.716690 112.173768 111.613611 111.039546 110.454674 109.861846 109.263652 108.662401 108.060120 107.458543 106.859116 106.262994 105.671049 105.083882 104.501831 103.924994 103.353241 102.786242 102.223487 101.664315 101.107940 100.553482 100.000000 99.446518 98.892060 98.335685 97.776513 97.213758 96.646759 96.075006
108.037402 109.169355 110.225675 111.202721 112.097508 112.907712 113.631674 114.268385 114.817479 115.279212 115.654444 115.944607 116.151675 116.278131 116.326922 116.301426 116.205398 116.042926 115.818385 115.536381 115.201706 114.819280 114.394104 113.931208 113.435603 112.912228 112.365911 111.801319 111.222923 110.634954 110.041376 109.445851 108.851714 108.261951 107.679183 107.105651 106.543210 105.993321 105.457057 104.935107 104.427783 103.935039 103.456485 102.991411 102.538816 102.097431 101.665755 101.242091 100.824579 100.411237 100.000000 99.588763 99.175421 98.757909 98.334245 97.902569 97.461184 97.008589
109.193606 110.289095 111.298860 112.219515 113.048425 113.783701 114.424199 114.969506 115.419925 115.776452 116.040746 116.215096 116.302382 116.306034 116.229981 116.078606 115.856686 115.569342 115.221976 114.820215 114.369853 113.876784 113.346948 112.786271 112.200607 111.595680 110.977037 110.349992 109.719583 109.090531 108.467195 107.853544 107.253128 106.669050 106.103951 105.559992 105.038853 104.541724 104.069312 103.621847 103.199097 102.800386 102.424619 102.070307 101.735601 101.418329 101.116035 100.826019 100.545388 100.271096 100.000000 99.728904 99.454612 99.173981 98.883965 98.581671 98.264399 97.929693
110.268207 111.323111 112.282935 113.144564 113.905709 114.564912 115.121534 115.575740 115.928480 116.181459 116.337103 116.398520 116.369454 116.254232 116.057717 115.785241 115.442550 115.035736 114.571172 114.055447 113.495293 112.897521 112.268951 111.616347 110.946349 110.265415 109.579761 108.895301 108.217600 107.551824 106.902699 106.274472 105.670881 105.095128 104.549859 104.037152 103.558506 103.114843 102.706513 102.333301 101.994449 101.688677 101.414208 101.168809 100.949820 100.754205 100.578593 100.419332 100.272537 100.134151 100.000000 99.865849 99.727463 99.580668 99.421407 99.245795 99.050180 98.831191
111.251666 112.262047 113.168815 113.969129 114.661051 115.243541 115.716453 116.080507 116.337273 116.489131 116.539233 116.491462 116.350371 116.121137 115.809493 115.421661 114.964291 114.444381 113.869207 113.246250 112.583115 111.887461 111.166920 110.429028 109.681155 108.930429 108.183679 107.447369 106.727541 106.029768 105.359101 104.720036 104.116472 103.551690 103.028329 102.548373 102.113143 101.723295 101.378833 101.079116 100.822881 100.608271 100.432866 100.293721 100.187413 100.110084 100.057502 100.025111 100.008095 100.001440 100.000000 99.998560 99.991905 99.974889 99.942498 99.889916 99.812587 99.706279
112.135255 113.097370 113.948241 114.685302 115.306962 115.812591 116.202515 116.477986 116.641158 116.695048 116.643489 116.491084 116.243145 115.905631 115.485081 114.988542 114.423492 113.797762 113.119459 112.396876 111.638418 110.852514 110.047538 109.231728 108.413109 107.599419 106.798037 106.015919 105.259537 104.534818 103.847104 103.201101 102.600844 102.049673 101.550204 101.104320 100.713163 100.377132 100.095898 99.868413 99.692938 99.567071 99.487785 99.451470 99.453986 99.490710 99.556602 99.646265 99.754014 99.873944 100.000000 100.126056 100.245986 100.353735 100.443398 100.509290 100.546014 100.548530
112.911130 113.821449 114.613857 115.286073 115.836842 116.265935 116.574125 116.763166 116.835761 116.795517 116.646898 116.395173 116.046344 115.607089 115.084681 114.486912 113.822014 113.098570 112.325431 111.511626 110.666274 109.798495 108.917322 108.031619 107.149992 106.280717 105.431659 104.610205 103.823197 103.076873 102.376818 101.727913 101.134302 100.599358 100.125664 99.714993 99.368310 99.085765 98.866712 98.709720 98.612603 98.572451 98.585675 98.648049 98.754767 98.900503 99.079473 99.285505 99.512114 99.752574 100.000000 100.247426 100.487886 100.714495 100.920527 101.099497 101.245233 101.351951
113.572406 114.427617 115.159281 115.765398 116.245046 116.598376 116.826586 116.931899 116.917524 116.787611 116.547200 116.202158 115.759117 115.225394 114.608920 113.918152 113.161990 112.349682 111.490737 110.594829 109.671703 108.731082 107.782575 106.835586 105.899226 104.982232 104.092885 103.238937 102.427542 101.665197 100.957682 100.310019 99.726427 99.210293 98.764148 98.389653 98.087596 97.857890 97.699587 97.610902 97.589233 97.631207 97.732715 97.888972 98.094566 98.343531 98.629407 98.945321 99.284065 99.638170 100.000000 100.361830 100.715935 101.054679 101.370593 101.656469 101.905434 102.111028
114.113212 114.910238 115.579158 116.118255 116.526931 116.805697 116.956151 116.980944 116.883750 116.669208 116.342871 115.911144 115.381208 114.760947 114.058865 113.283998 112.445821 111.554157 110.619080 109.650814 108.659638 107.655784 106.649346 105.650183 104.667827 103.711395 102.789510 101.910222 101.080936 100.308351 99.598398 98.956196 98.386010 97.891217 97.474282 97.136750 96.879233 96.701418 96.602079 96.579101 96.629506 96.749497 96.934504 97.179233 97.477735 97.823470 98.209379 98.627966 99.071378 99.531491 100.000000 100.468509 100.928622 101.372034 101.790621 102.176530 102.522265 102.820767
114.528747 115.264752 115.869212 116.340691 116.678906 116.884706 116.960056 116.908001 116.732628 116.439010 116.033152 115.521921 114.912975 114.214680 113.436025 112.586534 111.676165 110.715219 109.714235 108.683889 107.634895 106.577901 105.523392 104.481587 103.462351 102.475104 101.528731 100.631509 99.791031 99.014138 98.306865 97.674389 97.120985 96.650000 96.263819 95.963862 95.750572 95.623423 95.580931 95.620683 95.739365 95.932803 96.196015 96.523267 96.908136 97.343584 97.822029 98.335436 98.875392 99.433208 100.000000 100.566792 101.124608 101.664564 102.177971 102.656416 103.091864 103.476733
114.815325 115.487721 116.026285 116.429863 116.698466 116.833264 116.836556 116.711739 116.463261 116.096572 115.618060 115.034982 114.355392 113.588053 112.742348 111.828193 110.855932 109.836242 108.780027 107.698315 106.602153 105.502503 104.410142 103.335560 102.288864 101.279688 100.317104 99.409540 98.564711 97.789545 97.090128 96.471654 95.938378 95.493588 95.139580 94.877641 94.708052 94.630086 94.642027 94.741195 94.923980 95.185882 95.521566 95.924919 96.389115 96.906696 97.469640 98.069456 98.697265 99.343902 100.000000 100.656098 101.302735 101.930544 102.530360 103.093304 103.610885 104.075081
114.970401 115.576859 116.048372 116.384060 116.584221 116.650317 116.584948 116.391816 116.075683 115.642311 115.098403 114.451531 113.710060 112.883061 111.980220 111.011746 109.988270 108.920740 107.820323 106.698291 105.565923 104.434393 103.314671 102.217419 101.152897 100.130864 99.160497 98.250305 97.408054 96.640702 95.954334 95.354118 94.844257 94.427958 94.107410 93.883769 93.757155 93.726656 93.790350 93.945324 94.187713 94.512744 94.914786 95.387415 95.923478 96.515172 97.154122 97.831470 98.537965 99.264058 100.000000 100.735942 101.462035 102.168530 102.845878 103.484828 104.076522 104.612585
114.992598 115.531052 115.934633 116.202730 116.335911 116.335904 116.205577 115.948892 115.570866 115.077514 114.475782 113.773480 112.979200 112.102228 111.152459 110.140297 109.076555 107.972350 106.839004 105.687931 104.530532 103.378091 102.241670 101.132008 100.059419 99.033705 98.064065 97.159011 96.326296 95.572843 94.904691 94.326937 93.843698 93.458079 93.172148 92.986924 92.902373 92.917419 93.029953 93.236867 93.534087 93.916617 94.378592 94.913345 95.513471 96.170904 96.877002 97.622631 98.398262 99.194063 100.000000 100.805937 101.601738 102.377369 103.122998 103.829096 104.486529 105.086655
114.881721 115.350373 115.685410 115.886484 115.954414 115.891171 115.699848 115.384626 114.950722 114.404337 113.752592 113.003451 112.165648 111.248598 110.262305 109.217268 108.124378 106.994819 105.839958 104.671245 103.500099 102.337809 101.195428 100.083670 99.012817 97.992620 97.032220 96.140056 95.323800 94.590285 93.945446 93.394271 92.940759 92.587887 92.337592 92.190752 92.147188 92.205670 92.363936 92.618716 92.965771 93.399936 93.915176 94.504649 95.160772 95.875301 96.639413 97.443794 98.278730 99.134204 100.000000 100.865796 101.721270 102.556206 103.360587 104.124699 104.839228 105.495351
114.638751 115.036079 115.302224 115.437094 115.441744 115.318358 115.070220 114.701679 114.218098 113.625800 112.932006 112.144759 111.272849 110.325725 109.313406 108.246386 107.135532 105.991986 104.827059 103.652126 102.478522 101.317436 100.179809 99.076237 98.016872 97.011331 96.068611 95.197009 94.404045 93.696403 93.079865 92.559268 92.138461 91.820272 91.606492 91.497856 91.494049 91.593705 91.794434 92.092840 92.484565 92.964330 93.525992 94.162602 94.866478 95.629281 96.442093 97.295512 98.179736 99.084666 100.000000 100.915334 101.820264 102.704488 103.557907 104.370719 105.133522 105.837398
114.265848 114.590602 114.787762 114.857484 114.801038 114.620793 114.320188 113.903692 113.376757 112.745766 112.017968 111.201404 110.304836 109.337657 108.309806 107.231670 106.113994 104.967772 103.804154 102.634336 101.469463 100.320522 99.198245 98.113010 97.074751 96.092862 95.176120 94.332601 93.569611 92.893625 92.310225 91.824055 91.438781 91.157065 90.980536 90.909789 90.944374 91.082812 91.322609 91.660282 92.091399 92.610621 93.211757 93.887822 94.631111 95.433271 96.285379 97.178036 98.101449 99.045532 100.000000 100.954468 101.898551 102.821964 103.714621 104.566729 105.368889 106.112178
113.766319 114.017531 114.145862 114.151706 114.036533 113.802868 113.454265 112.995266 112.431360 111.768924 111.015164 110.178045 109.266213 108.288917 107.255921 106.177414 105.063911 103.926162 102.775049 101.621491 100.476336 99.350272 98.253723 97.196759 96.189001 95.239540 94.356852 93.548723 92.822180 92.183433 91.637815 91.189738 90.842659 90.599046 90.460362 90.427054 90.498552 90.673277 90.948661 91.321168 91.786339 92.338826 92.972451 93.680266 94.454614 95.287210 96.169213 97.091316 98.043831 99.016782 100.000000 100.983218 101.956169 102.908684 103.830787 104.712790 105.545386 106.319734
113.144600 113.321579 113.381475 113.324912 113.153537 112.870005 112.477946 111.981933 111.387434 110.700759 109.929002 109.079973 108.162125 107.184477 106.156525 105.088162 103.989582 102.871188 101.743498 100.617049 99.502300 98.409537 97.348786 96.329714 95.361548 94.452990 93.612143 92.846432 92.162545 91.566370 91.062947 90.656419 90.350003 90.145956 90.045563 90.049125 90.155957 90.364400 90.671837 91.074717 91.568595 92.148168 92.807335 93.539243 94.336364 95.190557 96.093147 97.035009 98.006650 98.998299 100.000000 101.001701 101.993350 102.964991 103.906853 104.809443 105.663636 106.460757
112.406209 112.508544 112.500629 112.383306 112.158383 111.828615 111.397673 110.870114 110.251332 109.547511 108.765567 107.913082 106.998237 106.029733 105.016717 103.968693 102.895439 101.806919 100.713188 99.624307 98.550250 97.500814 96.485528 95.513575 94.593703 93.734150 92.942570 92.225965 91.590621 91.042058 90.584974 90.223211 89.959716 89.796520 89.734719 89.774467 89.914974 90.154517 90.490457 90.919263 91.436547 92.037104 92.714961 93.463433 94.275186 95.142301 96.056352 97.008480 97.989477 98.989867 100.000000 101.010133 102.010523 102.991520 103.943648 104.857699 105.724814 106.536567
111.557699 111.585258 111.510375 111.334100 111.058384 110.686052 110.220782 109.667072 109.030191 108.316140 107.531592 106.683831 105.780690 104.830477 103.841901 102.823994 101.786030 100.737439 99.687727 98.646389 97.622821 96.626241 95.665603 94.749518 93.886178 93.083283 92.347972 91.686760 91.105478 90.609225 90.202322 89.888271 89.669728 89.548479 89.525424 89.600568 89.773026 90.041030 90.401943 90.852287 91.387772 92.003339 92.693202 93.450903 94.269370 95.140981 96.057635 97.010820 97.991698 98.991177 100.000000 101.008823 102.008302 102.989180 103.942365 104.859019 105.730630 106.549097
110.606602 110.559529 110.418730 110.185453 109.861769 109.450551 108.955450 108.380860 107.731880 107.014272 106.234404 105.399200 104.516071 103.592858 102.637755 101.659238 100.665994 99.666839 98.670640 97.686242 96.722380 95.787611 94.890231 94.038205 93.239098 92.500000 91.827473 91.227486 90.705364 90.265742 89.912522 89.648840 89.477035 89.398632 89.414328 89.523983 89.726624 90.020452 90.402860 90.870452 91.419079 92.043871 92.739281 93.499139 94.316699 95.184704 96.095449 97.040852 98.012521 99.001831 100.000000 100.998169 101.987479 102.959148 103.904551 104.815296 105.683301 106.500861
